main	0.00s	8.89s	0.00%	100.00%	busbar_example	E:\code\cpp\mpfem\examples\busbar_example.cpp	24	0x7ff6d8584cdf
mpfem::SteadyProblem::solve	0.00s	8.13s	0.00%	91.48%	busbar_example	E:\code\cpp\mpfem\src\problem\steady_problem.hpp	44	0x7ff6d85839de
mpfem::PhysicsFieldSolver::solveSteady	0.00s	5.11s	0.00%	57.51%	busbar_example	E:\code\cpp\mpfem\src\physics\physics_field_solver.hpp	60	0x7ff6d85841d0
mkl_pds_lp64_pardiso_c	0.03s	3.85s	0.29%	43.26%	busbar_example	[unknown]	0	0x7ff6d2aae243
mkl_pds_lp64_pardiso	0.00s	3.85s	0.00%	43.26%	busbar_example	[unknown]	0	0x7ff6d2a8d903
mpfem::PardisoSolver::setup	0.00s	3.69s	0.00%	41.45%	busbar_example	E:\code\cpp\mpfem\src\solver\pardiso_solver.cpp	94	0x7ff6d895e8a5
mkl_pds_lp64_do_all_pardiso_fc	0.01s	3.27s	0.07%	36.74%	busbar_example	[unknown]	0	0x7ff6d2b1b82c
mkl_pds_lp64_reorder1_pardiso	0.06s	2.63s	0.68%	29.56%	busbar_example	[unknown]	0	0x7ff6d2c1e326
mkl_pds_lp64_metis_nodend_vbsr_pardiso	0.05s	2.30s	0.55%	25.88%	busbar_example	[unknown]	0	0x7ff6d2c272cd
mkl_pds_lp64_metis_mlevelnesteddissection_pardiso	0.00s	2.04s	0.00%	22.91%	busbar_example	[unknown]	0	0x7ff6d3450a39
mpfem::CgOperator::apply	0.00s	1.96s	0.00%	22.10%	busbar_example	E:\code\cpp\mpfem\src\solver\eigen_solver.cpp	51	0x7ff6d8902ea5
Eigen::internal::conjugate_gradient<Eigen::Transpose<Eigen::Ref<Eigen::SparseMatrix<double,0,int> const ,0,Eigen::OuterStride<-1> > const >,Eigen::Matrix<double,-1,1,0,-1,1>,Eigen::Matrix<double,-1,1,0,-1,1>,mpfem::EigenPreconditionerAdapter>	1.15s	1.96s	12.96%	22.10%	busbar_example	E:\code\cpp\mpfem\build-msvc\vcpkg_installed\x64-windows\include\eigen3\Eigen\src\IterativeLinearSolvers\ConjugateGradient.h	41	0x7ff6d88b1f14
Eigen::ConjugateGradient<Eigen::SparseMatrix<double,0,int>,3,mpfem::EigenPreconditionerAdapter>::_solve_vector_with_guess_impl<Eigen::Matrix<double,-1,1,0,-1,1>,Eigen::Matrix<double,-1,1,0,-1,1> >	0.00s	1.96s	0.00%	22.10%	busbar_example	E:\code\cpp\mpfem\build-msvc\vcpkg_installed\x64-windows\include\eigen3\Eigen\src\IterativeLinearSolvers\ConjugateGradient.h	209	0x7ff6d8871c4f
mkl_pds_lp64_metis_mlevelnodebisection	0.00s	1.87s	0.00%	21.01%	busbar_example	[unknown]	0	0x7ff6d2c2ec37
mkl_pds_lp64_metis_mlevelnodebisectionmultiple	0.00s	1.48s	0.00%	16.68%	busbar_example	[unknown]	0	0x7ff6d2c2b654
mpfem::BilinearFormAssembler::assemble	0.01s	1.46s	0.17%	16.40%	busbar_example	E:\code\cpp\mpfem\src\assembly\assembler.cpp	110	0x7ff6d867867b
Eigen::internal::set_from_triplets<std::_Vector_iterator<std::_Vector_val<std::_Simple_types<Eigen::Triplet<double,int> > > >,Eigen::SparseMatrix<double,0,int>,Eigen::internal::scalar_sum_op<double,double> >	0.79s	1.37s	8.91%	15.39%	busbar_example	E:\code\cpp\mpfem\build-msvc\vcpkg_installed\x64-windows\include\eigen3\Eigen\src\SparseCore\SparseMatrix.h	1151	0x7ff6d8673630
mpfem::StructuralSolver::buildStiffnessMatrix	0.00s	0.95s	0.00%	10.71%	busbar_example	E:\code\cpp\mpfem\src\physics\structural_solver.cpp	37	0x7ff6d866c8f4
mkl_pds_lp64_metis_refine2waynode	0.00s	0.94s	0.00%	10.58%	busbar_example	[unknown]	0	0x7ff6d2ca6d51
mkl_pds_lp64_metis_fm_2waynoderefine_onesided	0.74s	0.82s	8.33%	9.20%	busbar_example	[unknown]	0	0x7ff6d2d498e0
mkl_pds_lp64_metis_coarsen2way	0.00s	0.76s	0.00%	8.52%	busbar_example	[unknown]	0	0x7ff6d2ca6926
mpfem::EigenPreconditionerAdapter::_solve_impl<Eigen::Matrix<double,-1,1,0,-1,1>,Eigen::Matrix<double,-1,1,0,-1,1> >	0.17s	0.66s	1.91%	7.47%	busbar_example	E:\code\cpp\mpfem\src\solver\eigen_preconditioner_adapter.hpp	60	0x7ff6d8870b3b
mkl_pds_lp64_metis_createcoarsegraphnomask	0.42s	0.45s	4.70%	5.05%	busbar_example	[unknown]	0	0x7ff6d2e730b2
mkl_pds_lp64_metis_createcoarsegraph	0.00s	0.45s	0.00%	5.05%	busbar_example	[unknown]	0	0x7ff6d2e722f1
mkl_pds_lp64_metis_match_shem	0.20s	0.45s	2.26%	5.04%	busbar_example	[unknown]	0	0x7ff6d2d4ef01
mpfem::PhysicsProblemBuilder::build	0.00s	0.42s	0.00%	4.76%	busbar_example	E:\code\cpp\mpfem\src\problem\physics_problem_builder.cpp	306	0x7ff6d85a0680
mpfem::ElectrostaticsSolver::buildStiffnessMatrix	0.00s	0.41s	0.00%	4.65%	busbar_example	E:\code\cpp\mpfem\src\physics\electrostatics_solver.cpp	30	0x7ff6d864a287
Eigen::SparseMatrix<double,0,int>::operator=<Eigen::SparseMatrix<double,1,int> >	0.34s	0.35s	3.83%	3.94%	busbar_example	E:\code\cpp\mpfem\build-msvc\vcpkg_installed\x64-windows\include\eigen3\Eigen\src\SparseCore\SparseMatrix.h	1547	0x7ff6d866d357
mpfem::LinearFormAssembler::assemble	0.06s	0.30s	0.66%	3.42%	busbar_example	E:\code\cpp\mpfem\src\assembly\assembler.cpp	324	0x7ff6d8679221
mpfem::DiagonalOperator::apply	0.30s	0.30s	3.41%	3.41%	busbar_example	E:\code\cpp\mpfem\src\solver\linear_operator.cpp	32	0x7ff6d884a430
mpfem::PardisoSolver::apply	0.00s	0.30s	0.00%	3.39%	busbar_example	E:\code\cpp\mpfem\src\solver\pardiso_solver.cpp	115	0x7ff6d895e100
mpfem::`anonymous namespace'::XmlProblemInputLoader::load	0.00s	0.29s	0.00%	3.30%	busbar_example	E:\code\cpp\mpfem\src\io\problem_input_loader.cpp	22	0x7ff6d85d843f
mkl_pds_lp64_metis_match_rm	0.06s	0.29s	0.70%	3.30%	busbar_example	[unknown]	0	0x7ff6d2d4db4c
mpfem::MphtxtReader::readFile	0.00s	0.29s	0.00%	3.28%	busbar_example	E:\code\cpp\mpfem\src\io\mphtxt_reader.cpp	28	0x7ff6d85f55a1
mpfem::MphtxtReader::read	0.00s	0.29s	0.00%	3.28%	busbar_example	E:\code\cpp\mpfem\src\io\mphtxt_reader.cpp	15	0x7ff6d85f54fd
mkl_pds_lp64_pds_compute_scaled_norm_real	0.20s	0.28s	2.27%	3.19%	busbar_example	[unknown]	0	0x7ff6d33a8be0
mpfem::PardisoSolver::Impl::convertToCSR	0.16s	0.27s	1.81%	3.05%	busbar_example	E:\code\cpp\mpfem\src\solver\pardiso_solver.cpp	40	0x7ff6d895e394
mkl_serv_get_fast_mm_status	0.02s	0.26s	0.18%	2.96%	busbar_example	[unknown]	0	0x7ff6d2af2814
mpfem::HeatTransferSolver::buildRHS	0.00s	0.26s	0.00%	2.89%	busbar_example	E:\code\cpp\mpfem\src\physics\heat_transfer_solver.cpp	94	0x7ff6d866740b
Eigen::SparseMatrix<double,0,int>::operator=	0.00s	0.25s	0.00%	2.76%	busbar_example	E:\code\cpp\mpfem\build-msvc\vcpkg_installed\x64-windows\include\eigen3\Eigen\src\SparseCore\SparseMatrix.h	865	0x7ff6d857af8f
mkl_pds_lp64_reorder2_pardiso	0.06s	0.25s	0.68%	2.76%	busbar_example	[unknown]	0	0x7ff6d2c18553
[00007FFC761226D9]	0.24s	0.24s	2.75%	2.75%	busbar_example		0	0x7ffc761226d9
Eigen::internal::CompressedStorage<double,int>::operator=	0.00s	0.24s	0.00%	2.69%	busbar_example	E:\code\cpp\mpfem\build-msvc\vcpkg_installed\x64-windows\include\eigen3\Eigen\src\SparseCore\CompressedStorage.h	46	0x7ff6d857ac8a
mkl_pds_lp64_mps_pardiso	0.14s	0.23s	1.56%	2.56%	busbar_example	[unknown]	0	0x7ff6d2b2f49f
mpfem::HeatTransferSolver::buildStiffnessMatrix	0.00s	0.22s	0.00%	2.44%	busbar_example	E:\code\cpp\mpfem\src\physics\heat_transfer_solver.cpp	56	0x7ff6d8667ac6
mkl_serv_free	0.00s	0.20s	0.00%	2.25%	busbar_example	[unknown]	0	0x7ff6d2af17e6
mkl_pds_lp64_etep_pardiso	0.20s	0.20s	2.25%	2.25%	busbar_example	[unknown]	0	0x7ff6d2c992f5
mpfem::ConvectionLFIntegrator::assembleFacetVector	0.01s	0.20s	0.11%	2.24%	busbar_example	E:\code\cpp\mpfem\src\assembly\integrators.cpp	213	0x7ff6d86a23c2
mpfem::Problem::~Problem	0.00s	0.20s	0.00%	2.23%	busbar_example	E:\code\cpp\mpfem\src\problem\problem.cpp	11	0x7ff6d85af523
mpfem::SteadyProblem::`scalar deleting destructor'	0.00s	0.20s	0.00%	2.23%	busbar_example	[unknown]	0	0x7ff6d859a409
mpfem::PhysicsFieldSolver::~PhysicsFieldSolver	0.00s	0.19s	0.00%	2.11%	busbar_example	E:\code\cpp\mpfem\src\physics\physics_field_solver.hpp	19	0x7ff6d85971ed
Eigen::SparseMatrix<double,1,int>::collapseDuplicates<Eigen::Map<Eigen::Matrix<int,-1,1,0,-1,1>,16,Eigen::Stride<0,0> >,Eigen::internal::scalar_sum_op<double,double> >	0.18s	0.18s	2.00%	2.00%	busbar_example	E:\code\cpp\mpfem\build-msvc\vcpkg_installed\x64-windows\include\eigen3\Eigen\src\SparseCore\SparseMatrix.h	1491	0x7ff6d8671b01
mkl_pds_lp64_metis_compressgraph	0.12s	0.17s	1.39%	1.92%	busbar_example	[unknown]	0	0x7ff6d2ca4d24
mpfem::StructuralSolver::`scalar deleting destructor'	0.00s	0.17s	0.00%	1.90%	busbar_example	[unknown]	0	0x7ff6d859a4cb
mkl_pds_lp64_ladjun_pardiso	0.04s	0.16s	0.47%	1.80%	busbar_example	[unknown]	0	0x7ff6d2c9ce9a
mpfem::Mesh::buildTopology	0.00s	0.15s	0.00%	1.73%	busbar_example	E:\code\cpp\mpfem\src\mesh\mesh.cpp	288	0x7ff6d8602e3c
[00007FFC76120E4B]	0.14s	0.14s	1.56%	1.56%	busbar_example		0	0x7ffc76120e4b
mpfem::PardisoSolver::`scalar deleting destructor'	0.00s	0.13s	0.00%	1.52%	busbar_example	[unknown]	0	0x7ff6d895e044
mpfem::PardisoSolver::~PardisoSolver	0.00s	0.13s	0.00%	1.52%	busbar_example	E:\code\cpp\mpfem\src\solver\pardiso_solver.cpp	82	0x7ff6d895de82
mkl_pds_lp64_free_c_structure	0.00s	0.13s	0.00%	1.52%	busbar_example	[unknown]	0	0x7ff6d2b0dde0
mpfem::MphtxtReader::parseFile	0.00s	0.13s	0.02%	1.50%	busbar_example	E:\code\cpp\mpfem\src\io\mphtxt_reader.cpp	119	0x7ff6d85f4183
mpfem::PhysicsFieldSolver::initialize	0.00s	0.13s	0.00%	1.46%	busbar_example	E:\code\cpp\mpfem\src\physics\physics_field_solver.hpp	31	0x7ff6d85a580a
mpfem::PhysicsProblemBuilder::buildSolvers	0.00s	0.13s	0.00%	1.46%	busbar_example	E:\code\cpp\mpfem\src\problem\physics_problem_builder.cpp	321	0x7ff6d85a224d
mkl_pds_lp64_kg_diafree_adjnodia_pardiso	0.12s	0.12s	1.33%	1.33%	busbar_example	[unknown]	0	0x7ff6d2d4488a
mpfem::Mesh::buildFaceToElementMap	0.03s	0.12s	0.32%	1.32%	busbar_example	E:\code\cpp\mpfem\src\mesh\mesh.cpp	353	0x7ff6d860234f
mpfem::FESpace::buildDofTable	0.02s	0.12s	0.27%	1.31%	busbar_example	E:\code\cpp\mpfem\src\field\fe_space.cpp	139	0x7ff6d86ba72c
[00007FFC7612152E]	0.11s	0.11s	1.21%	1.21%	busbar_example		0	0x7ffc7612152e
mkl_pds_lp64_sfinit_pardiso	0.00s	0.11s	0.00%	1.20%	busbar_example	[unknown]	0	0x7ff6d2c9d41f
mkl_serv_second	0.00s	0.10s	0.03%	1.12%	busbar_example	[unknown]	0	0x7ff6d2c21fa7
mkl_serv_get_clocks_frequency	0.00s	0.10s	0.00%	1.12%	busbar_example	[unknown]	0	0x7ff6d2c20f45
mkl_serv_dsecnd	0.00s	0.10s	0.00%	1.12%	busbar_example	[unknown]	0	0x7ff6d2c20eac
mkl_pds_lp64_timer_pardiso	0.00s	0.10s	0.00%	1.12%	busbar_example	[unknown]	0	0x7ff6d2b21311
mkl_pds_lp64_check_input_fc	0.00s	0.10s	0.00%	1.12%	busbar_example	[unknown]	0	0x7ff6d2b14376
mpfem::ElementTransform::computeInverse	0.01s	0.10s	0.13%	1.08%	busbar_example	E:\code\cpp\mpfem\src\fe\element_transform.cpp	60	0x7ff6d89f9a2d
mkl_pds_lp64_metis_growbisection	0.00s	0.09s	0.00%	1.04%	busbar_example	[unknown]	0	0x7ff6d2ca9ec0
mkl_pds_lp64_metis_init2waypartition	0.00s	0.09s	0.00%	1.04%	busbar_example	[unknown]	0	0x7ff6d2ca9a5c
mkl_pds_lp64_metis_idxset	0.09s	0.09s	1.03%	1.03%	busbar_example	[unknown]	0	0x7ff6d2b0bc80
mpfem::`anonymous namespace'::evalScalarNode	0.01s	0.09s	0.15%	1.03%	busbar_example	E:\code\cpp\mpfem\src\assembly\integrators.cpp	36	0x7ff6d86a63d8
mkl_serv_calloc	0.09s	0.09s	1.01%	1.01%	busbar_example	[unknown]	0	0x7ff6d2af24d1
mpfem::CgOperator::setup	0.00s	0.09s	0.00%	0.97%	busbar_example	E:\code\cpp\mpfem\src\solver\eigen_solver.cpp	36	0x7ff6d895ae3c
std::vector<double,std::allocator<double> >::_Resize<std::_Value_init_tag>	0.00s	0.08s	0.00%	0.88%	busbar_example	E:\env\cpp\VS14\VC\Tools\MSVC\14.50.35717\include\vector	1608	0x7ff6d86e7572
std::_Zero_range<double *>	0.00s	0.08s	0.00%	0.88%	busbar_example	E:\env\cpp\VS14\VC\Tools\MSVC\14.50.35717\include\xmemory	2093	0x7ff6d860ade6
mkl_pds_lp64_metis_splitgraphorder	0.03s	0.08s	0.35%	0.87%	busbar_example	[unknown]	0	0x7ff6d2c2bfa1
mkl_pds_lp64_metis_fm_2waynoderefine	0.06s	0.08s	0.69%	0.86%	busbar_example	[unknown]	0	0x7ff6d2d46602
mkl_pds_lp64_metis_constructseparator	0.00s	0.08s	0.00%	0.86%	busbar_example	[unknown]	0	0x7ff6d2ca3ac1
mkl_pds_lp64_metis_fm_2wayedgerefine	0.02s	0.08s	0.18%	0.86%	busbar_example	[unknown]	0	0x7ff6d2d50d3e
mpfem::applyDirichletBC	0.00s	0.07s	0.00%	0.84%	busbar_example	E:\code\cpp\mpfem\src\assembly\dirichlet_bc.hpp	30	0x7ff6d8647120
mkl_spblas_lp64_avx2_dcsr1ng__f__mvout_par	0.07s	0.07s	0.83%	0.83%	busbar_example	[unknown]	0	0x7ff6d60efbb0
mkl_spblas_lp64_dcsr1ng__f__mvout_omp	0.00s	0.07s	0.00%	0.83%	busbar_example	[unknown]	0	0x7ff6d3d1b103
mkl_spblas_lp64_mkl_dcsrmv	0.00s	0.07s	0.00%	0.83%	busbar_example	[unknown]	0	0x7ff6d38d90fb
mpfem::ResultExporter::exportVtuImpl	0.00s	0.07s	0.02%	0.82%	busbar_example	E:\code\cpp\mpfem\src\io\result_exporter.cpp	361	0x7ff6d85c7f97
mpfem::`anonymous namespace'::buildVertexComponentDofs	0.02s	0.07s	0.25%	0.78%	busbar_example	E:\code\cpp\mpfem\src\io\result_exporter.cpp	62	0x7ff6d85c3f7f
std::getline<char,std::char_traits<char>,std::allocator<char> >	0.00s	0.07s	0.05%	0.77%	busbar_example	E:\env\cpp\VS14\VC\Tools\MSVC\14.50.35717\include\string	26	0x7ff6d85de495
Eigen::internal::conditional_aligned_new_auto<double,1>	0.00s	0.07s	0.00%	0.77%	busbar_example	E:\code\cpp\mpfem\build-msvc\vcpkg_installed\x64-windows\include\eigen3\Eigen\src\Core\util\Memory.h	496	0x7ff6d8574942
Eigen::internal::assign_sparse_to_sparse<Eigen::SparseMatrix<double,0,int>,Eigen::Ref<Eigen::SparseMatrix<double,0,int> const ,0,Eigen::OuterStride<-1> > >	0.07s	0.07s	0.75%	0.75%	busbar_example	E:\code\cpp\mpfem\build-msvc\vcpkg_installed\x64-windows\include\eigen3\Eigen\src\SparseCore\SparseAssign.h	93	0x7ff6d8878910
mpfem::SparseMatrix::eliminateRows	0.06s	0.06s	0.69%	0.73%	busbar_example	E:\code\cpp\mpfem\src\core\sparse_matrix.hpp	156	0x7ff6d864d037
mkl_pds_lp64_metis_idxmalloc	0.00s	0.06s	0.00%	0.71%	busbar_example	[unknown]	0	0x7ff6d2b0b93f
mkl_serv_malloc	0.00s	0.06s	0.00%	0.71%	busbar_example	[unknown]	0	0x7ff6d2af125e
mpfem::ConvectionMassIntegrator::assembleFacetMatrix	0.00s	0.06s	0.04%	0.70%	busbar_example	E:\code\cpp\mpfem\src\assembly\integrators.cpp	190	0x7ff6d86a191a
std::_Sort_unchecked<int *,std::less<void> >	0.00s	0.06s	0.05%	0.70%	busbar_example	E:\env\cpp\VS14\VC\Tools\MSVC\14.50.35717\include\algorithm	8847	0x7ff6d85bc5f1
mkl_pds_lp64_inv_perm_mod_mod_pardiso	0.06s	0.06s	0.69%	0.69%	busbar_example	[unknown]	0	0x7ff6d33a1190
mkl_pds_lp64_metis_pqueueupdateup	0.06s	0.06s	0.69%	0.69%	busbar_example	[unknown]	0	0x7ff6d2e7188e
mkl_pds_lp64_symfct_pardiso	0.06s	0.06s	0.69%	0.69%	busbar_example	[unknown]	0	0x7ff6d2c9ac95
Eigen::internal::redux_impl<Eigen::internal::scalar_sum_op<double,double>,Eigen::internal::redux_evaluator<Eigen::CwiseUnaryOp<Eigen::internal::squared_norm_functor<double,0>,Eigen::Matrix<double,-1,1,0,-1,1> const > >,3,0>::run<Eigen::CwiseUnaryOp<Eigen::internal::squared_norm_functor<double,0>,Eigen::Matrix<double,-1,1,0,-1,1> const > >	0.06s	0.06s	0.69%	0.69%	busbar_example	E:\code\cpp\mpfem\build-msvc\vcpkg_installed\x64-windows\include\eigen3\Eigen\src\Core\Redux.h	302	0x7ff6d8576545
mpfem::ResultExporter::exportComsolTextImpl	0.00s	0.06s	0.00%	0.69%	busbar_example	E:\code\cpp\mpfem\src\io\result_exporter.cpp	258	0x7ff6d85c700d
mpfem::MphtxtReader::parseElementBlock	0.00s	0.06s	0.02%	0.67%	busbar_example	E:\code\cpp\mpfem\src\io\mphtxt_reader.cpp	208	0x7ff6d85f2760
std::_Partition_by_pivot_unchecked<int *,std::less<void> >	0.05s	0.05s	0.62%	0.62%	busbar_example	E:\env\cpp\VS14\VC\Tools\MSVC\14.50.35717\include\algorithm	8769	0x7ff6d85bbf75
mkl_pds_lp64_kuhn_munkres	0.05s	0.05s	0.61%	0.61%	busbar_example	[unknown]	0	0x7ff6d2b2d165
operator new	0.00s	0.05s	0.00%	0.61%	busbar_example	D:\a\_work\1\s\src\vctools\crt\vcstartup\src\heap\new_scalar.cpp	36	0x7ff6d89e7a1f
mpfem::PhysicsProblemBuilder::buildStructural	0.00s	0.05s	0.00%	0.59%	busbar_example	E:\code\cpp\mpfem\src\problem\physics_problem_builder.cpp	411	0x7ff6d85a25a6
Eigen::LDLT<Eigen::Matrix<double,2,2,0,2,2>,1>::_solve_impl_transposed<1,Eigen::Transpose<Eigen::Matrix<double,3,2,0,3,2> const >,Eigen::Matrix<double,2,3,0,2,3> >	0.01s	0.05s	0.16%	0.56%	busbar_example	E:\code\cpp\mpfem\build-msvc\vcpkg_installed\x64-windows\include\eigen3\Eigen\src\Cholesky\LDLT.h	564	0x7ff6d89eaede
mkl_pds_lp64_metis_genmmd	0.00s	0.05s	0.00%	0.52%	busbar_example	[unknown]	0	0x7ff6d2ca7d4e
mkl_pds_lp64_metis_mmdorder	0.00s	0.05s	0.00%	0.52%	busbar_example	[unknown]	0	0x7ff6d2c2c8f5
mpfem::StructuralSolver::applyEssentialBCs	0.00s	0.05s	0.00%	0.52%	busbar_example	E:\code\cpp\mpfem\src\physics\structural_solver.cpp	62	0x7ff6d866c0f3
mkl_pds_lp64_metis_pqueueupdate	0.05s	0.05s	0.51%	0.51%	busbar_example	[unknown]	0	0x7ff6d2e71782
mpfem::CompiledExpressionNode::evaluateBatch	0.02s	0.04s	0.24%	0.49%	busbar_example	E:\code\cpp\mpfem\src\expr\expression_parser.cpp	181	0x7ff6d897b6e0
mpfem::PhysicsProblemBuilder::buildHeatTransfer	0.00s	0.04s	0.00%	0.48%	busbar_example	E:\code\cpp\mpfem\src\problem\physics_problem_builder.cpp	373	0x7ff6d85a1421
[00007FFC76121536]	0.04s	0.04s	0.46%	0.46%	busbar_example		0	0x7ffc76121536
[00007FFC76121526]	0.04s	0.04s	0.42%	0.42%	busbar_example		0	0x7ffc76121526
mpfem::ElementTransform::computeJacobian	0.03s	0.04s	0.34%	0.41%	busbar_example	E:\code\cpp\mpfem\src\fe\element_transform.cpp	20	0x7ff6d89f9d95
mpfem::StructuralSolver::buildRHS	0.00s	0.04s	0.00%	0.40%	busbar_example	E:\code\cpp\mpfem\src\physics\structural_solver.cpp	51	0x7ff6d866c3f3
mpfem::`anonymous namespace'::makeSinglePointContext	0.00s	0.04s	0.00%	0.39%	busbar_example	E:\code\cpp\mpfem\src\assembly\integrators.cpp	16	0x7ff6d86a7821
mpfem::PhysicsProblemBuilder::buildElectrostatics	0.00s	0.03s	0.00%	0.38%	busbar_example	E:\code\cpp\mpfem\src\problem\physics_problem_builder.cpp	347	0x7ff6d85a0c63
Eigen::LDLT<Eigen::Matrix<double,2,2,0,2,2>,1>::compute<Eigen::Matrix<double,2,2,0,2,2> >	0.02s	0.03s	0.20%	0.37%	busbar_example	E:\code\cpp\mpfem\build-msvc\vcpkg_installed\x64-windows\include\eigen3\Eigen\src\Cholesky\LDLT.h	486	0x7ff6d89ef432
std::_Zero_range<int *>	0.00s	0.03s	0.00%	0.36%	busbar_example	E:\env\cpp\VS14\VC\Tools\MSVC\14.50.35717\include\xmemory	2093	0x7ff6d85fa796
std::vector<int,std::allocator<int> >::_Resize<std::_Value_init_tag>	0.00s	0.03s	0.00%	0.36%	busbar_example	E:\env\cpp\VS14\VC\Tools\MSVC\14.50.35717\include\vector	1608	0x7ff6d85f94e2
mpfem::ElementTransform::transform	0.01s	0.03s	0.06%	0.36%	busbar_example	E:\code\cpp\mpfem\src\fe\element_transform.cpp	81	0x7ff6d8a03f70
mkl_pds_lp64_metis_ikeysort	0.03s	0.03s	0.36%	0.36%	busbar_example	[unknown]	0	0x7ff6d2d4d212
mkl_pds_lp64_metis_mmdelm	0.03s	0.03s	0.36%	0.36%	busbar_example	[unknown]	0	0x7ff6d2ca88c4
mkl_serv_memcpy_unbounded_s	0.03s	0.03s	0.35%	0.35%	busbar_example	[unknown]	0	0x7ff6d2bece60
mkl_pds_lp64_metis_freegraph	0.00s	0.03s	0.00%	0.34%	busbar_example	[unknown]	0	0x7ff6d2ca1b2f
mkl_pds_lp64_metis_gkfree	0.00s	0.03s	0.00%	0.34%	busbar_example	[unknown]	0	0x7ff6d2b0bd77
std::_Hash<std::_Umap_traits<mpfem::Mesh::FaceKey,int,std::_Uhash_compare<mpfem::Mesh::FaceKey,mpfem::Mesh::FaceKeyHash,std::equal_to<mpfem::Mesh::FaceKey> >,std::allocator<std::pair<mpfem::Mesh::FaceKey const ,int> >,0> >::_Try_emplace<mpfem::Mesh::FaceKey const &>	0.00s	0.03s	0.04%	0.34%	busbar_example	E:\env\cpp\VS14\VC\Tools\MSVC\14.50.35717\include\xhash	700	0x7ff6d85f9bbf
mkl_pds_lp64_metis_fm_2waynodebalance	0.03s	0.03s	0.34%	0.34%	busbar_example	[unknown]	0	0x7ff6d2d4acf7
std::_Hash<std::_Umap_traits<mpfem::Mesh::FaceKey,mpfem::Mesh::FaceInfo,std::_Uhash_compare<mpfem::Mesh::FaceKey,mpfem::Mesh::FaceKeyHash,std::equal_to<mpfem::Mesh::FaceKey> >,std::allocator<std::pair<mpfem::Mesh::FaceKey const ,mpfem::Mesh::FaceInfo> >,0> >::_Try_emplace<mpfem::Mesh::FaceKey const &>	0.00s	0.03s	0.00%	0.31%	busbar_example	E:\env\cpp\VS14\VC\Tools\MSVC\14.50.35717\include\xhash	706	0x7ff6d85f9faf
mpfem::`anonymous namespace'::collectTopologyVertices	0.00s	0.03s	0.00%	0.31%	busbar_example	E:\code\cpp\mpfem\src\io\result_exporter.cpp	28	0x7ff6d85c4d20
mpfem::Mesh::buildEdgeToElementMap	0.01s	0.03s	0.11%	0.31%	busbar_example	E:\code\cpp\mpfem\src\mesh\mesh.cpp	324	0x7ff6d8601ba7
mpfem::ElectrostaticsSolver::applyEssentialBCs	0.00s	0.03s	0.00%	0.28%	busbar_example	E:\code\cpp\mpfem\src\physics\electrostatics_solver.cpp	49	0x7ff6d8648d23
mpfem::Mesh::edgeIndex	0.02s	0.02s	0.23%	0.27%	busbar_example	E:\code\cpp\mpfem\src\mesh\mesh.cpp	239	0x7ff6d8603dcb
mpfem::GeometryMapping::evalShape	0.02s	0.02s	0.24%	0.26%	busbar_example	E:\code\cpp\mpfem\src\fe\geometry_mapping.cpp	171	0x7ff6d8a0626b
log	0.02s	0.02s	0.25%	0.25%	busbar_example	[unknown]	0	0x7ff6d89e9642
mpfem::`anonymous namespace'::evalAst	0.01s	0.02s	0.14%	0.23%	busbar_example	E:\code\cpp\mpfem\src\expr\expression_parser.cpp	60	0x7ff6d897aaa2
std::operator<<<std::char_traits<char> >	0.00s	0.02s	0.02%	0.23%	busbar_example	E:\env\cpp\VS14\VC\Tools\MSVC\14.50.35717\include\__msvc_ostream.hpp	774	0x7ff6d856f6e0
Eigen::TriangularViewImpl<Eigen::Matrix<double,2,2,0,2,2> const ,5,Eigen::Dense>::solveInPlace<1,Eigen::Matrix<double,2,3,0,2,3> >	0.00s	0.02s	0.00%	0.22%	busbar_example	E:\code\cpp\mpfem\build-msvc\vcpkg_installed\x64-windows\include\eigen3\Eigen\src\Core\SolveTriangular.h	195	0x7ff6d89f20de
std::_Hash<std::_Umap_traits<mpfem::Mesh::FaceKey,mpfem::Mesh::FaceInfo,std::_Uhash_compare<mpfem::Mesh::FaceKey,mpfem::Mesh::FaceKeyHash,std::equal_to<mpfem::Mesh::FaceKey> >,std::allocator<std::pair<mpfem::Mesh::FaceKey const ,mpfem::Mesh::FaceInfo> >,0> >::_Forced_rehash	0.01s	0.02s	0.15%	0.21%	busbar_example	E:\env\cpp\VS14\VC\Tools\MSVC\14.50.35717\include\xhash	1747	0x7ff6d85fe862
[00007FFC761214E9]	0.02s	0.02s	0.21%	0.21%	busbar_example		0	0x7ffc761214e9
std::_Fnv1a_append_value<int>	0.02s	0.02s	0.19%	0.19%	busbar_example	E:\env\cpp\VS14\VC\Tools\MSVC\14.50.35717\include\type_traits	2288	0x7ff6d8589b12
Eigen::internal::triangular_solve_matrix<double,__int64,1,5,0,0,0,1>::run	0.01s	0.02s	0.11%	0.19%	busbar_example	E:\code\cpp\mpfem\build-msvc\vcpkg_installed\x64-windows\include\eigen3\Eigen\src\Core\products\TriangularSolverMatrix.h	185	0x7ff6d89583f2
[00007FFC76121516]	0.02s	0.02s	0.19%	0.19%	busbar_example		0	0x7ffc76121516
mkl_pds_lp64_metis_pqueueinit	0.02s	0.02s	0.18%	0.18%	busbar_example	[unknown]	0	0x7ff6d2e70e52
mkl_pds_lp64_metis_setupcoarsegraph	0.00s	0.02s	0.00%	0.18%	busbar_example	[unknown]	0	0x7ff6d2e7396e
mpfem::FESpace::getElementDofs	0.01s	0.02s	0.12%	0.18%	busbar_example	E:\code\cpp\mpfem\src\field\fe_space.cpp	63	0x7ff6d86bd900
mkl_pds_lp64_blkpre_pardiso	0.02s	0.02s	0.18%	0.18%	busbar_example	[unknown]	0	0x7ff6d2c98e70
mkl_pds_lp64_reorder3_pardiso	0.00s	0.02s	0.00%	0.18%	busbar_example	[unknown]	0	0x7ff6d2c17be9
mkl_pds_lp64_metis_pqueuedelete	0.02s	0.02s	0.18%	0.18%	busbar_example	[unknown]	0	0x7ff6d2e7141a
mkl_pds_lp64_metis_compute2waypartitionparams	0.02s	0.02s	0.18%	0.18%	busbar_example	[unknown]	0	0x7ff6d2cab193
[00007FFC76121501]	0.02s	0.02s	0.18%	0.18%	busbar_example		0	0x7ffc76121501
mkl_pds_lp64_fnpmod_pardiso	0.02s	0.02s	0.18%	0.18%	busbar_example	[unknown]	0	0x7ff6d2c9b93f
mkl_pds_lp64_metis_compute2waynodepartitionparams	0.02s	0.02s	0.17%	0.17%	busbar_example	[unknown]	0	0x7ff6d2ca75a2
ILT+148225(mkl_pds_lp64_metis_match_shem)	0.02s	0.02s	0.17%	0.17%	busbar_example	[unknown]	0	0x7ff6d2a65306
mkl_pds_lp64_metis_change2fnumberingorder	0.02s	0.02s	0.17%	0.17%	busbar_example	[unknown]	0	0x7ff6d2c9e467
mkl_pds_lp64_metis_bucketsortkeysinc	0.01s	0.01s	0.17%	0.17%	busbar_example	[unknown]	0	0x7ff6d2e71d03
mkl_pds_lp64_metis_mmdupd	0.01s	0.01s	0.17%	0.17%	busbar_example	[unknown]	0	0x7ff6d2ca9388
mkl_pds_lp64_metis_pqueueinsert	0.01s	0.01s	0.17%	0.17%	busbar_example	[unknown]	0	0x7ff6d2e7124f
mkl_pds_lp64_lnnt_pardiso	0.01s	0.01s	0.17%	0.17%	busbar_example	[unknown]	0	0x7ff6d3564726
mkl_pds_lp64_ldindx_pardiso	0.01s	0.01s	0.17%	0.17%	busbar_example	[unknown]	0	0x7ff6d2c9907b
mkl_pds_lp64_flops_pardiso	0.00s	0.01s	0.00%	0.17%	busbar_example	[unknown]	0	0x7ff6d2c17dc3
std::_Hash<std::_Umap_traits<mpfem::Mesh::FaceKey,int,std::_Uhash_compare<mpfem::Mesh::FaceKey,mpfem::Mesh::FaceKeyHash,std::equal_to<mpfem::Mesh::FaceKey> >,std::allocator<std::pair<mpfem::Mesh::FaceKey const ,int> >,0> >::_Forced_rehash	0.01s	0.01s	0.16%	0.16%	busbar_example	E:\env\cpp\VS14\VC\Tools\MSVC\14.50.35717\include\xhash	1759	0x7ff6d85fe5b3
mkl_pds_lp64_metis_change2cnumbering	0.01s	0.01s	0.16%	0.16%	busbar_example	[unknown]	0	0x7ff6d2c9ded6
std::_Hash<std::_Umap_traits<std::basic_string<char,std::char_traits<char>,std::allocator<char> >,mpfem::FieldValues::FieldState,std::_Uhash_compare<std::basic_string<char,std::char_traits<char>,std::allocator<char> >,std::hash<std::basic_string<char,std::char_traits<char>,std::allocator<char> > >,std::equal_to<std::basic_string<char,std::char_traits<char>,std::allocator<char> > > >,std::allocator<std::pair<std::basic_string<char,std::char_traits<char>,std::allo	0.00s	0.01s	0.00%	0.14%	busbar_example	E:\env\cpp\VS14\VC\Tools\MSVC\14.50.35717\include\xhash	1748	0x7ff6d857ce45
std::_Hash_vec<std::allocator<std::_List_unchecked_iterator<std::_List_val<std::_List_simple_types<std::pair<std::basic_string<char,std::char_traits<char>,std::allocator<char> > const ,mpfem::FieldValues::FieldState> > > > > >::_Assign_grow	0.00s	0.01s	0.00%	0.14%	busbar_example	E:\env\cpp\VS14\VC\Tools\MSVC\14.50.35717\include\xhash	303	0x7ff6d857c3e6
std::fill<std::_List_unchecked_iterator<std::_List_val<std::_List_simple_types<std::pair<std::basic_string<char,std::char_traits<char>,std::allocator<char> > const ,mpfem::FieldValues::FieldState> > > > *,std::_List_unchecked_iterator<std::_List_val<std::_List_simple_types<std::pair<std::basic_string<char,std::char_traits<char>,std::allocator<char> > const ,mpfem::FieldValues::FieldState> > > > >	0.01s	0.01s	0.14%	0.14%	busbar_example	E:\env\cpp\VS14\VC\Tools\MSVC\14.50.35717\include\xutility	5397	0x7ff6d8575390
mpfem::ElectrostaticsSolver::buildRHS	0.00s	0.01s	0.00%	0.14%	busbar_example	E:\code\cpp\mpfem\src\physics\electrostatics_solver.cpp	38	0x7ff6d8649f0a
fabs	0.01s	0.01s	0.13%	0.13%	busbar_example	[unknown]	0	0x7ff6d89e965a
std::_Fnv1a_append_value<unsigned __int64>	0.01s	0.01s	0.13%	0.13%	busbar_example	E:\env\cpp\VS14\VC\Tools\MSVC\14.50.35717\include\type_traits	2288	0x7ff6d85f8d78
Eigen::internal::ldlt_inplace<1>::unblocked<Eigen::Matrix<double,2,2,0,2,2>,Eigen::Transpositions<2,2,int>,Eigen::Matrix<double,2,1,0,2,1> >	0.00s	0.01s	0.00%	0.13%	busbar_example	E:\code\cpp\mpfem\build-msvc\vcpkg_installed\x64-windows\include\eigen3\Eigen\src\Cholesky\LDLT.h	306	0x7ff6d89f2d2a
[00007FFC6FD2B1B0]	0.01s	0.01s	0.13%	0.13%	busbar_example		0	0x7ffc6fd2b1b0
std::list<std::pair<mpfem::Mesh::FaceKey const ,mpfem::Mesh::FaceInfo>,std::allocator<std::pair<mpfem::Mesh::FaceKey const ,mpfem::Mesh::FaceInfo> > >::~list<std::pair<mpfem::Mesh::FaceKey const ,mpfem::Mesh::FaceInfo>,std::allocator<std::pair<mpfem::Mesh::FaceKey const ,mpfem::Mesh::FaceInfo> > >	0.01s	0.01s	0.09%	0.13%	busbar_example	E:\env\cpp\VS14\VC\Tools\MSVC\14.50.35717\include\list	1061	0x7ff6d85fc973
mpfem::HeatTransferSolver::`scalar deleting destructor'	0.00s	0.01s	0.00%	0.12%	busbar_example	[unknown]	0	0x7ff6d859a023
std::vector<int,std::allocator<int> >::push_back	0.01s	0.01s	0.10%	0.12%	busbar_example	E:\env\cpp\VS14\VC\Tools\MSVC\14.50.35717\include\vector	932	0x7ff6d85d3a84
std::vector<int,std::allocator<int> >::_Change_array	0.00s	0.01s	0.00%	0.11%	busbar_example	E:\env\cpp\VS14\VC\Tools\MSVC\14.50.35717\include\vector	2076	0x7ff6d85c122f
mpfem::Mesh::element	0.01s	0.01s	0.11%	0.11%	busbar_example	E:\code\cpp\mpfem\src\mesh\mesh.cpp	54	0x7ff6d8604021
mpfem::DiagonalOperator::setup	0.01s	0.01s	0.11%	0.11%	busbar_example	E:\code\cpp\mpfem\src\solver\linear_operator.cpp	18	0x7ff6d8852692
mkl_pds_lp64_sssslv_thr_pardiso	0.00s	0.01s	0.00%	0.11%	busbar_example	[unknown]	0	0x7ff6d3447596
mkl_pds_lp64_solve_pardiso	0.00s	0.01s	0.00%	0.11%	busbar_example	[unknown]	0	0x7ff6d2c1341d
Eigen::internal::sparse_time_dense_product_impl<Eigen::Transpose<Eigen::Ref<Eigen::SparseMatrix<double,0,int> const ,0,Eigen::OuterStride<-1> > const >,Eigen::Matrix<double,-1,1,0,-1,1>,Eigen::Matrix<double,-1,1,0,-1,1>,double,1,1>::run	0.00s	0.01s	0.02%	0.11%	busbar_example	E:\code\cpp\mpfem\build-msvc\vcpkg_installed\x64-windows\include\eigen3\Eigen\src\SparseCore\SparseDenseProduct.h	48	0x7ff6d8957fb2
Eigen::internal::outer_product_selector_run<Eigen::Matrix<double,-1,-1,0,-1,-1>,Eigen::CwiseBinaryOp<Eigen::internal::scalar_product_op<double,double>,Eigen::CwiseNullaryOp<Eigen::internal::scalar_constant_op<double>,Eigen::Matrix<double,-1,1,0,-1,1> const > const ,Eigen::Block<Eigen::Matrix<double,-1,-1,0,-1,-1> const ,-1,1,1> const >,Eigen::Transpose<Eigen::Block<Eigen::Matrix<double,-1,-1,0,-1,-1> const ,-1,1,1> const >,Eigen::internal::generic_product_impl<E	0.00s	0.01s	0.03%	0.10%	busbar_example	E:\code\cpp\mpfem\build-msvc\vcpkg_installed\x64-windows\include\eigen3\Eigen\src\Core\ProductEvaluators.h	267	0x7ff6d868f8fc
[00007FFC6FCEB4A0]	0.01s	0.01s	0.10%	0.10%	busbar_example		0	0x7ffc6fceb4a0
[00007FFC6FCE65F4]	0.01s	0.01s	0.10%	0.10%	busbar_example		0	0x7ffc6fce65f4
std::_Uninitialized_fill_n<std::allocator<int> >	0.01s	0.01s	0.06%	0.10%	busbar_example	E:\env\cpp\VS14\VC\Tools\MSVC\14.50.35717\include\xmemory	2045	0x7ff6d85bce8f
__security_check_cookie	0.01s	0.01s	0.10%	0.10%	busbar_example	D:\a\_work\1\s\src\vctools\crt\vcstartup\src\gs\amd64\amdsecgs.asm	45	0x7ff6d89e7bb0
Eigen::TriangularViewImpl<Eigen::Transpose<Eigen::Matrix<double,2,2,0,2,2> const > const ,6,Eigen::Dense>::solveInPlace<1,Eigen::Matrix<double,2,3,0,2,3> >	0.00s	0.01s	0.00%	0.10%	busbar_example	E:\code\cpp\mpfem\build-msvc\vcpkg_installed\x64-windows\include\eigen3\Eigen\src\Core\SolveTriangular.h	195	0x7ff6d89f219e
mpfem::Mesh::~Mesh	0.00s	0.01s	0.00%	0.09%	busbar_example	[unknown]	0	0x7ff6d8596ad1
[00007FFC6FD2B1C3]	0.01s	0.01s	0.09%	0.09%	busbar_example		0	0x7ffc6fd2b1c3
std::_Hash<std::_Umap_traits<unsigned __int64,int,std::_Uhash_compare<unsigned __int64,std::hash<unsigned __int64>,std::equal_to<unsigned __int64> >,std::allocator<std::pair<unsigned __int64 const ,int> >,0> >::_Forced_rehash	0.00s	0.01s	0.03%	0.09%	busbar_example	E:\env\cpp\VS14\VC\Tools\MSVC\14.50.35717\include\xhash	1759	0x7ff6d85feb5e
std::_Hash<std::_Umap_traits<unsigned __int64,int,std::_Uhash_compare<unsigned __int64,std::hash<unsigned __int64>,std::equal_to<unsigned __int64> >,std::allocator<std::pair<unsigned __int64 const ,int> >,0> >::_Try_emplace<unsigned __int64 const &>	0.00s	0.01s	0.00%	0.09%	busbar_example	E:\env\cpp\VS14\VC\Tools\MSVC\14.50.35717\include\xhash	706	0x7ff6d85fa30b
[00007FFC6FD2B1CD]	0.01s	0.01s	0.09%	0.09%	busbar_example		0	0x7ffc6fd2b1cd
std::basic_istringstream<char,std::char_traits<char>,std::allocator<char> >::`vbase destructor'	0.00s	0.01s	0.00%	0.09%	busbar_example	[unknown]	0	0x7ff6d85efe62
std::_Copy_memmove_tail<int *>	0.00s	0.01s	0.00%	0.09%	busbar_example	E:\env\cpp\VS14\VC\Tools\MSVC\14.50.35717\include\xutility	4866	0x7ff6d85babeb
mpfem::LinearFormAssembler::~LinearFormAssembler	0.00s	0.01s	0.00%	0.08%	busbar_example	[unknown]	0	0x7ff6d85964e1
[00007FFC6FCE3C02]	0.00s	0.01s	0.00%	0.08%	busbar_example		0	0x7ffc6fce3c02
mpfem::ElectrostaticsSolver::`scalar deleting destructor'	0.00s	0.01s	0.00%	0.08%	busbar_example	[unknown]	0	0x7ff6d8599d2f
std::basic_stringbuf<char,std::char_traits<char>,std::allocator<char> >::~basic_stringbuf<char,std::char_traits<char>,std::allocator<char> >	0.00s	0.01s	0.02%	0.08%	busbar_example	E:\env\cpp\VS14\VC\Tools\MSVC\14.50.35717\include\sstream	173	0x7ff6d857a383
std::basic_istringstream<char,std::char_traits<char>,std::allocator<char> >::basic_istringstream<char,std::char_traits<char>,std::allocator<char> >	0.00s	0.01s	0.00%	0.08%	busbar_example	E:\env\cpp\VS14\VC\Tools\MSVC\14.50.35717\include\sstream	629	0x7ff6d85ee402
Eigen::internal::gemm_pack_rhs<double,__int64,Eigen::internal::blas_data_mapper<double,__int64,0,0,1>,4,0,0,1>::operator()	0.01s	0.01s	0.08%	0.08%	busbar_example	E:\code\cpp\mpfem\build-msvc\vcpkg_installed\x64-windows\include\eigen3\Eigen\src\Core\products\GeneralBlockPanelKernel.h	3008	0x7ff6d8901bae
[00007FFBBEF7882E]	0.00s	0.01s	0.00%	0.07%	busbar_example		0	0x7ffbbef7882e
ILT+187520(??$solveInPlace$00V?$MatrixN$01$02$0A$01$02Eigen?$TriangularViewImpl$$CBV?$Transpose$$CBV?$MatrixN$01$01$0A$01$01EigenEigen$05UDense	0.01s	0.01s	0.07%	0.07%	busbar_example	[unknown]	0	0x7ff6d2a6ec85
mpfem::geom::faceVertices	0.00s	0.01s	0.04%	0.07%	busbar_example	E:\code\cpp\mpfem\src\core\geometry.hpp	710	0x7ff6d86047dd
mpfem::GeometryMapping::evalDerivatives	0.01s	0.01s	0.07%	0.07%	busbar_example	E:\code\cpp\mpfem\src\fe\geometry_mapping.cpp	284	0x7ff6d8a0530d
std::basic_string<char,std::char_traits<char>,std::allocator<char> >::push_back	0.01s	0.01s	0.07%	0.07%	busbar_example	E:\env\cpp\VS14\VC\Tools\MSVC\14.50.35717\include\xstring	2200	0x7ff6d8581e36
[00007FFC7612202B]	0.01s	0.01s	0.07%	0.07%	busbar_example		0	0x7ffc7612202b
mpfem::Mesh::buildBoundaryElementMapping	0.01s	0.01s	0.07%	0.07%	busbar_example	E:\code\cpp\mpfem\src\mesh\mesh.cpp	457	0x7ff6d86015f6
[00007FFC6FD160F1]	0.00s	0.01s	0.00%	0.07%	busbar_example		0	0x7ffc6fd160f1
`anonymous namespace'::buildDomainIntegratorMap	0.00s	0.01s	0.00%	0.07%	busbar_example	E:\code\cpp\mpfem\src\assembly\assembler.cpp	31	0x7ff6d867a511
ILT+237410(__security_check_cookie)	0.01s	0.01s	0.07%	0.07%	busbar_example	[unknown]	0	0x7ff6d2a7af67
Eigen::SparseMatrix<double,0,int>::resize	0.00s	0.01s	0.00%	0.07%	busbar_example	E:\code\cpp\mpfem\build-msvc\vcpkg_installed\x64-windows\include\eigen3\Eigen\src\SparseCore\SparseMatrix.h	749	0x7ff6d8582776
std::vector<int,std::allocator<int> >::_Insert_counted_range<int const *>	0.00s	0.01s	0.04%	0.06%	busbar_example	E:\env\cpp\VS14\VC\Tools\MSVC\14.50.35717\include\vector	1244	0x7ff6d85bb87a
std::vector<int,std::allocator<int> >::assign	0.00s	0.01s	0.00%	0.06%	busbar_example	E:\env\cpp\VS14\VC\Tools\MSVC\14.50.35717\include\vector	1389	0x7ff6d8600a74
[00007FFC6FCE4C13]	0.00s	0.01s	0.00%	0.06%	busbar_example		0	0x7ffc6fce4c13
mkl_pds_lp64_blkslv_tl_unsym_n_real	0.01s	0.01s	0.06%	0.06%	busbar_example	[unknown]	0	0x7ff6d391d870
Eigen::internal::triangular_solve_matrix<double,__int64,1,6,0,1,0,1>::run	0.01s	0.01s	0.06%	0.06%	busbar_example	E:\code\cpp\mpfem\build-msvc\vcpkg_installed\x64-windows\include\eigen3\Eigen\src\Core\products\TriangularSolverMatrix.h	218	0x7ff6d8a02fe8
[00007FFC6FCEB4A4]	0.01s	0.01s	0.06%	0.06%	busbar_example		0	0x7ffc6fceb4a4
mpfem::Tensor::Tensor	0.00s	0.01s	0.02%	0.06%	busbar_example	[unknown]	0	0x7ff6d8976786
mpfem::LinearFormAssembler::LinearFormAssembler	0.00s	0.00s	0.00%	0.06%	busbar_example	E:\code\cpp\mpfem\src\assembly\assembler.cpp	301	0x7ff6d8674eb1
Eigen::internal::findCoeff<Eigen::CwiseUnaryOp<Eigen::internal::scalar_abs_op<double>,Eigen::Block<Eigen::Diagonal<Eigen::Matrix<double,2,2,0,2,2>,0>,-1,1,0> const >,__int64,Eigen::internal::max_coeff_functor<double,0,0> >	0.00s	0.00s	0.06%	0.06%	busbar_example	E:\code\cpp\mpfem\build-msvc\vcpkg_installed\x64-windows\include\eigen3\Eigen\src\Core\FindCoeff.h	369	0x7ff6d89eff11
mpfem::Mesh::addElement	0.00s	0.00s	0.00%	0.05%	busbar_example	E:\code\cpp\mpfem\src\mesh\mesh.cpp	80	0x7ff6d86000de
std::_Hash<std::_Umap_traits<int,std::vector<int,std::allocator<int> >,std::_Uhash_compare<int,std::hash<int>,std::equal_to<int> >,std::allocator<std::pair<int const ,std::vector<int,std::allocator<int> > > >,0> >::emplace<int const &,std::vector<int,std::allocator<int> > >	0.00s	0.00s	0.00%	0.05%	busbar_example	E:\env\cpp\VS14\VC\Tools\MSVC\14.50.35717\include\xhash	617	0x7ff6d85bd76a
mpfem::FESpace::numBdrElementDofs	0.00s	0.00s	0.00%	0.05%	busbar_example	E:\code\cpp\mpfem\src\field\fe_space.cpp	99	0x7ff6d86bde29
mpfem::FESpace::getBdrElementDofs	0.00s	0.00s	0.00%	0.05%	busbar_example	E:\code\cpp\mpfem\src\field\fe_space.cpp	83	0x7ff6d86bd7cb
ILT+109755(?vdimH1CollectionmpfemUEBAHXZ)	0.00s	0.00s	0.05%	0.05%	busbar_example	[unknown]	0	0x7ff6d2a5bcc0
mpfem::FESpace::bdrElementRefElement	0.00s	0.00s	0.00%	0.05%	busbar_example	E:\code\cpp\mpfem\src\field\fe_space.cpp	46	0x7ff6d86ba392
ILT+104070(?getH1CollectionmpfemUEBAPEBVReferenceElement	0.00s	0.00s	0.05%	0.05%	busbar_example	[unknown]	0	0x7ff6d2a5a68b
[00007FFC6FCE5A05]	0.00s	0.00s	0.05%	0.05%	busbar_example		0	0x7ffc6fce5a05
std::list<std::pair<int const ,std::vector<int,std::allocator<int> > >,std::allocator<std::pair<int const ,std::vector<int,std::allocator<int> > > > >::~list<std::pair<int const ,std::vector<int,std::allocator<int> > >,std::allocator<std::pair<int const ,std::vector<int,std::allocator<int> > > > >	0.00s	0.00s	0.02%	0.05%	busbar_example	E:\env\cpp\VS14\VC\Tools\MSVC\14.50.35717\include\list	1061	0x7ff6d85bfce3
ILT+80080(??$get_runtime_value_JinternalEigenYA_JAEB_JZ)	0.00s	0.00s	0.05%	0.05%	busbar_example	[unknown]	0	0x7ff6d2a548d5
[00007FFC6FCF1423]	0.00s	0.00s	0.05%	0.05%	busbar_example		0	0x7ffc6fcf1423
[00007FFC6FCE9A1C]	0.00s	0.00s	0.00%	0.05%	busbar_example		0	0x7ffc6fce9a1c
[00007FFC6FCE3DD9]	0.00s	0.00s	0.00%	0.05%	busbar_example		0	0x7ffc6fce3dd9
[00007FFC6FD2345B]	0.00s	0.00s	0.00%	0.04%	busbar_example		0	0x7ffc6fd2345b
mpfem::`anonymous namespace'::scalarAtVertex	0.00s	0.00s	0.04%	0.04%	busbar_example	E:\code\cpp\mpfem\src\io\result_exporter.cpp	91	0x7ff6d85c9cdb
[00007FFC6FCE5114]	0.00s	0.00s	0.04%	0.04%	busbar_example		0	0x7ffc6fce5114
ILT+5940(?push_back?$basic_stringDU?$char_traitsDstdV?$allocatorD	0.00s	0.00s	0.04%	0.04%	busbar_example	[unknown]	0	0x7ff6d2a42739
[00007FFC761152B9]	0.00s	0.00s	0.00%	0.04%	busbar_example		0	0x7ffc761152b9
[00007FFC6FCEB0AF]	0.00s	0.00s	0.00%	0.04%	busbar_example		0	0x7ffc6fceb0af
Eigen::MatrixBase<Eigen::Block<Eigen::Block<Eigen::Matrix<double,2,2,0,2,2>,2,1,1>,-1,1,0> >::lpNorm<1>	0.00s	0.00s	0.04%	0.04%	busbar_example	E:\code\cpp\mpfem\build-msvc\vcpkg_installed\x64-windows\include\eigen3\Eigen\src\Core\Dot.h	225	0x7ff6d89f04b3
mpfem::Mesh::identifyBoundaryFaces	0.00s	0.00s	0.00%	0.03%	busbar_example	E:\code\cpp\mpfem\src\mesh\mesh.cpp	428	0x7ff6d86054c0
mpfem::CgOperator::`scalar deleting destructor'	0.00s	0.00s	0.00%	0.03%	busbar_example	[unknown]	0	0x7ff6d89023c4
mpfem::CgOperator::~CgOperator	0.00s	0.00s	0.03%	0.03%	busbar_example	E:\code\cpp\mpfem\src\solver\eigen_solver.cpp	29	0x7ff6d88feab0
[00007FFC6FD2B1EC]	0.00s	0.00s	0.03%	0.03%	busbar_example		0	0x7ffc6fd2b1ec
std::vector<mpfem::Mesh::EdgeInfo,std::allocator<mpfem::Mesh::EdgeInfo> >::_Emplace_one_at_back<mpfem::Mesh::EdgeInfo>	0.00s	0.00s	0.00%	0.03%	busbar_example	E:\env\cpp\VS14\VC\Tools\MSVC\14.50.35717\include\vector	848	0x7ff6d85f7822
std::_Copy_memmove_tail<mpfem::Mesh::EdgeInfo *>	0.00s	0.00s	0.00%	0.03%	busbar_example	E:\env\cpp\VS14\VC\Tools\MSVC\14.50.35717\include\xutility	4866	0x7ff6d85f6c7b
[00007FFC6FD16122]	0.00s	0.00s	0.00%	0.03%	busbar_example		0	0x7ffc6fd16122
memmove	0.00s	0.00s	0.03%	0.03%	busbar_example	[unknown]	0	0x7ff6d89e94da
std::vector<int,std::allocator<int> >::_Assign_counted_range<int const *>	0.00s	0.00s	0.00%	0.03%	busbar_example	E:\env\cpp\VS14\VC\Tools\MSVC\14.50.35717\include\vector	1480	0x7ff6d85f6a82
mpfem::Mesh::getBoundaryFaceIndex	0.00s	0.00s	0.03%	0.03%	busbar_example	E:\code\cpp\mpfem\src\mesh\mesh.hpp	226	0x7ff6d864d95d
mpfem::`anonymous namespace'::vectorMagnitudeAtVertex	0.00s	0.00s	0.03%	0.03%	busbar_example	E:\code\cpp\mpfem\src\io\result_exporter.cpp	110	0x7ff6d85ca7c4
Eigen::internal::generic_product_impl<Eigen::CwiseBinaryOp<Eigen::internal::scalar_product_op<double,double>,Eigen::CwiseNullaryOp<Eigen::internal::scalar_constant_op<double>,Eigen::Matrix<double,-1,1,0,-1,1> const > const ,Eigen::Block<Eigen::Matrix<double,-1,-1,0,-1,-1> const ,-1,1,1> const >,Eigen::Transpose<Eigen::Block<Eigen::Matrix<double,-1,-1,0,-1,-1> const ,-1,1,1> const >,Eigen::DenseShape,Eigen::DenseShape,5>::add::operator()<Eigen::Block<Eigen::Matri	0.00s	0.00s	0.03%	0.03%	busbar_example	E:\code\cpp\mpfem\build-msvc\vcpkg_installed\x64-windows\include\eigen3\Eigen\src\Core\ProductEvaluators.h	300	0x7ff6d86814d0
[00007FFC76121372]	0.00s	0.00s	0.03%	0.03%	busbar_example		0	0x7ffc76121372
[00007FFC76121228]	0.00s	0.00s	0.03%	0.03%	busbar_example		0	0x7ffc76121228
mpfem::CaseDefinition::Physics::~Physics	0.00s	0.00s	0.03%	0.03%	busbar_example	[unknown]	0	0x7ff6d859701c
mpfem::CaseDefinition::~CaseDefinition	0.00s	0.00s	0.00%	0.03%	busbar_example	[unknown]	0	0x7ff6d859606f
std::_Tree_val<std::_Tree_simple_types<std::pair<std::basic_string<char,std::char_traits<char>,std::allocator<char> > const ,mpfem::CaseDefinition::Physics> > >::_Erase_tree<std::allocator<std::_Tree_node<std::pair<std::basic_string<char,std::char_traits<char>,std::allocator<char> > const ,mpfem::CaseDefinition::Physics>,void *> > >	0.00s	0.00s	0.00%	0.03%	busbar_example	E:\env\cpp\VS14\VC\Tools\MSVC\14.50.35717\include\xtree	781	0x7ff6d858912f
Eigen::internal::local_nested_eval_wrapper<Eigen::CwiseBinaryOp<Eigen::internal::scalar_product_op<double,double>,Eigen::CwiseNullaryOp<Eigen::internal::scalar_constant_op<double>,Eigen::Matrix<double,-1,1,0,-1,1> const > const ,Eigen::Block<Eigen::Matrix<double,-1,-1,0,-1,-1> const ,-1,1,1> const >,-1,1>::local_nested_eval_wrapper<Eigen::CwiseBinaryOp<Eigen::internal::scalar_product_op<double,double>,Eigen::CwiseNullaryOp<Eigen::internal::scalar_constant_op<dou	0.00s	0.00s	0.03%	0.03%	busbar_example	E:\code\cpp\mpfem\build-msvc\vcpkg_installed\x64-windows\include\eigen3\Eigen\src\Core\util\Memory.h	721	0x7ff6d8698b00
[00007FFC76122140]	0.00s	0.00s	0.03%	0.03%	busbar_example		0	0x7ffc76122140
ILT+49090(?transformElementTransformmpfemQEBA?AV?$MatrixN$02$00$0A$02$00EigenAEBV34Z)	0.00s	0.00s	0.03%	0.03%	busbar_example	[unknown]	0	0x7ff6d2a4cfc7
mpfem::HeatTransferSolver::applyEssentialBCs	0.00s	0.00s	0.00%	0.03%	busbar_example	E:\code\cpp\mpfem\src\physics\heat_transfer_solver.cpp	105	0x7ff6d8666d53
std::vector<double,std::allocator<double> >::vector<double,std::allocator<double> ><std::allocator<double>,0>	0.00s	0.00s	0.00%	0.03%	busbar_example	E:\env\cpp\VS14\VC\Tools\MSVC\14.50.35717\include\vector	688	0x7ff6d8624a35
std::vector<double,std::allocator<double> >::_Buy_nonzero	0.00s	0.00s	0.00%	0.03%	busbar_example	E:\env\cpp\VS14\VC\Tools\MSVC\14.50.35717\include\vector	2055	0x7ff6d8611c4f
std::_Allocate_manually_vector_aligned<std::_Default_allocate_traits>	0.00s	0.00s	0.00%	0.03%	busbar_example	E:\env\cpp\VS14\VC\Tools\MSVC\14.50.35717\include\xmemory	193	0x7ff6d856ffd5
mpfem::FieldValues::createField	0.00s	0.00s	0.03%	0.03%	busbar_example	E:\code\cpp\mpfem\src\field\field_values.hpp	57	0x7ff6d85a3157
ILT+2680(??$_Hash_representationHstdYA_KAEBHZ)	0.00s	0.00s	0.03%	0.03%	busbar_example	[unknown]	0	0x7ff6d2a41a7d
Eigen::internal::get_runtime_value<__int64>	0.00s	0.00s	0.03%	0.03%	busbar_example	E:\code\cpp\mpfem\build-msvc\vcpkg_installed\x64-windows\include\eigen3\Eigen\src\Core\util\IntegralConstant.h	177	0x7ff6d8637d73
[00007FFC6FCE4CA5]	0.00s	0.00s	0.00%	0.03%	busbar_example		0	0x7ffc6fce4ca5
ILT+31210(?getElementEdgesMeshmpfemQEBA?AV?$span$$CBH$0?0stdHZ)	0.00s	0.00s	0.03%	0.03%	busbar_example	[unknown]	0	0x7ff6d2a489ef
[00007FFC761214F7]	0.00s	0.00s	0.03%	0.03%	busbar_example		0	0x7ffc761214f7
[00007FFC761226DF]	0.00s	0.00s	0.03%	0.03%	busbar_example		0	0x7ffc761226df
[00007FFBBEF66F0B]	0.00s	0.00s	0.03%	0.03%	busbar_example		0	0x7ffbbef66f0b
std::_Hash_vec<std::allocator<std::_List_unchecked_iterator<std::_List_val<std::_List_simple_types<std::pair<mpfem::Mesh::FaceKey const ,mpfem::Mesh::FaceInfo> > > > > >::_Assign_grow	0.00s	0.00s	0.00%	0.03%	busbar_example	E:\env\cpp\VS14\VC\Tools\MSVC\14.50.35717\include\xhash	299	0x7ff6d85fd776
std::uninitialized_fill<std::_List_unchecked_iterator<std::_List_val<std::_List_simple_types<std::pair<mpfem::Mesh::FaceKey const ,mpfem::Mesh::FaceInfo> > > > *,std::_List_unchecked_iterator<std::_List_val<std::_List_simple_types<std::pair<mpfem::Mesh::FaceKey const ,mpfem::Mesh::FaceInfo> > > > >	0.00s	0.00s	0.03%	0.03%	busbar_example	E:\env\cpp\VS14\VC\Tools\MSVC\14.50.35717\include\xmemory	2076	0x7ff6d85fb796
[00007FFC76122874]	0.00s	0.00s	0.03%	0.03%	busbar_example		0	0x7ffc76122874
mpfem::BilinearFormAssembler::BilinearFormAssembler	0.00s	0.00s	0.00%	0.03%	busbar_example	E:\code\cpp\mpfem\src\assembly\assembler.cpp	89	0x7ff6d8674d36
[00007FFC76122871]	0.00s	0.00s	0.03%	0.03%	busbar_example		0	0x7ffc76122871
[00007FFBBEF7C880]	0.00s	0.00s	0.03%	0.03%	busbar_example		0	0x7ffbbef7c880
[00007FFC6FD2B1E6]	0.00s	0.00s	0.02%	0.02%	busbar_example		0	0x7ffc6fd2b1e6
mpfem::strings::trim	0.00s	0.00s	0.00%	0.02%	busbar_example	E:\code\cpp\mpfem\src\core\string_utils.hpp	17	0x7ff6d85e9f77
mkl_pds_lp64_psol_fwgath_pardiso_mic	0.00s	0.00s	0.02%	0.02%	busbar_example	[unknown]	0	0x7ff6d349c230
mpfem::FESpace::numElementDofs	0.00s	0.00s	0.00%	0.02%	busbar_example	E:\code\cpp\mpfem\src\field\fe_space.cpp	92	0x7ff6d86bdeb2
mpfem::FESpace::elementRefElement	0.00s	0.00s	0.00%	0.02%	busbar_example	E:\code\cpp\mpfem\src\field\fe_space.cpp	31	0x7ff6d86bd492
mpfem::H1Collection::get	0.00s	0.00s	0.02%	0.02%	busbar_example	E:\code\cpp\mpfem\src\fe\fe_collection.hpp	63	0x7ff6d85a54ae
[00007FFC6FD233CB]	0.00s	0.00s	0.02%	0.02%	busbar_example		0	0x7ffc6fd233cb
[00007FFC6FCEB089]	0.00s	0.00s	0.00%	0.02%	busbar_example		0	0x7ffc6fceb089
[00007FFC6FD2B1E9]	0.00s	0.00s	0.02%	0.02%	busbar_example		0	0x7ffc6fd2b1e9
mkl_pds_lp64_rr33adcopy	0.00s	0.00s	0.02%	0.02%	busbar_example	[unknown]	0	0x7ff6d2b21860
__chkstk	0.00s	0.00s	0.02%	0.02%	busbar_example	D:\a\_work\1\s\src\vctools\crt\vcstartup\src\misc\amd64\chkstk.asm	97	0x7ff6d89e8c4c
mpfem::CaseXmlReader::readFromFile	0.00s	0.00s	0.00%	0.02%	busbar_example	E:\code\cpp\mpfem\src\io\case_xml_reader.cpp	329	0x7ff6d85e7977
std::_Func_impl_no_alloc<`mpfem::CaseXmlReader::readFromFile'::`2'::<lambda_2>,std::unique_ptr<mpfem::LinearOperatorConfig,std::default_delete<mpfem::LinearOperatorConfig> >,tinyxml2::XMLElement const *>::_Do_call	0.00s	0.00s	0.00%	0.02%	busbar_example	E:\env\cpp\VS14\VC\Tools\MSVC\14.50.35717\include\functional	885	0x7ff6d85e34d5
`mpfem::CaseXmlReader::readFromFile'::`2'::<lambda_2>::operator()	0.00s	0.00s	0.00%	0.02%	busbar_example	E:\code\cpp\mpfem\src\io\case_xml_reader.cpp	175	0x7ff6d85e217f
`mpfem::CaseXmlReader::readFromFile'::`2'::<lambda_1>::operator()	0.00s	0.00s	0.00%	0.02%	busbar_example	E:\code\cpp\mpfem\src\io\case_xml_reader.cpp	155	0x7ff6d85e1d65
ILT+161660(?dofLayoutReferenceElementmpfemQEBA?AUDofLayout	0.00s	0.00s	0.02%	0.02%	busbar_example	[unknown]	0	0x7ff6d2a68781
[00007FFC6FD2D740]	0.00s	0.00s	0.02%	0.02%	busbar_example		0	0x7ffc6fd2d740
[00007FFC6FD1DBE0]	0.00s	0.00s	0.00%	0.02%	busbar_example		0	0x7ffc6fd1dbe0
std::basic_filebuf<char,std::char_traits<char> >::xsputn	0.00s	0.00s	0.02%	0.02%	busbar_example	E:\env\cpp\VS14\VC\Tools\MSVC\14.50.35717\include\__msvc_filebuf.hpp	583	0x7ff6d85caa90
mpfem::Mesh::bdrElement	0.00s	0.00s	0.02%	0.02%	busbar_example	E:\code\cpp\mpfem\src\mesh\mesh.cpp	92	0x7ff6d8600cb2
[00007FFC6FCE4C7F]	0.00s	0.00s	0.00%	0.02%	busbar_example		0	0x7ffc6fce4c7f
basix::element::create_lagrange<double>	0.00s	0.00s	0.00%	0.02%	busbar_example	E:\code\cpp\mpfem\build-msvc\_deps\basix-src\cpp\basix\e-lagrange.cpp	614	0x7ff6d87a8404
basix::FiniteElement<double>::FiniteElement<double>	0.00s	0.00s	0.00%	0.02%	busbar_example	E:\code\cpp\mpfem\build-msvc\_deps\basix-src\cpp\basix\finite-element.cpp	778	0x7ff6d8701967
basix::create_element<double>	0.00s	0.00s	0.00%	0.02%	busbar_example	E:\code\cpp\mpfem\build-msvc\_deps\basix-src\cpp\basix\finite-element.cpp	243	0x7ff6d86efce7
`anonymous namespace'::compute_dual_matrix<double>	0.00s	0.00s	0.02%	0.02%	busbar_example	E:\code\cpp\mpfem\build-msvc\_deps\basix-src\cpp\basix\finite-element.cpp	121	0x7ff6d86eb7a8
mpfem::ReferenceElement::initialize	0.00s	0.00s	0.00%	0.02%	busbar_example	E:\code\cpp\mpfem\src\fe\reference_element.cpp	95	0x7ff6d861743a
mpfem::ReferenceElement::get	0.00s	0.00s	0.00%	0.02%	busbar_example	E:\code\cpp\mpfem\src\fe\reference_element.cpp	80	0x7ff6d8616d28
mpfem::ReferenceElement::ReferenceElement	0.00s	0.00s	0.00%	0.02%	busbar_example	E:\code\cpp\mpfem\src\fe\reference_element.cpp	90	0x7ff6d860e683
mpfem::H1Collection::H1Collection	0.00s	0.00s	0.00%	0.02%	busbar_example	E:\code\cpp\mpfem\src\fe\fe_collection.hpp	54	0x7ff6d8591fc5
std::_Hash<std::_Umap_traits<int,int,std::_Uhash_compare<int,std::hash<int>,std::equal_to<int> >,std::allocator<std::pair<int const ,int> >,0> >::_Try_emplace<int>	0.00s	0.00s	0.02%	0.02%	busbar_example	E:\env\cpp\VS14\VC\Tools\MSVC\14.50.35717\include\xhash	700	0x7ff6d85bcbec
strlen	0.00s	0.00s	0.02%	0.02%	busbar_example	[unknown]	0	0x7ff6d89e953a
ILT+176545(??$emplaceH?$_HashV?$_Uset_traitsHV?$_Uhash_compareHU?$hashHstdU?$equal_toH	0.00s	0.00s	0.02%	0.02%	busbar_example	[unknown]	0	0x7ff6d2a6c1a6
std::_Hash<std::_Uset_traits<int,std::_Uhash_compare<int,std::hash<int>,std::equal_to<int> >,std::allocator<int>,0> >::emplace<int>	0.00s	0.00s	0.02%	0.02%	busbar_example	E:\env\cpp\VS14\VC\Tools\MSVC\14.50.35717\include\xhash	610	0x7ff6d8672081
[00007FFBBEF70641]	0.00s	0.00s	0.02%	0.02%	busbar_example		0	0x7ffbbef70641
[00007FFBBEF66F19]	0.00s	0.00s	0.00%	0.02%	busbar_example		0	0x7ffbbef66f19
std::_Hash<std::_Uset_traits<int,std::_Uhash_compare<int,std::hash<int>,std::equal_to<int> >,std::allocator<int>,0> >::_Forced_rehash	0.00s	0.00s	0.00%	0.02%	busbar_example	E:\env\cpp\VS14\VC\Tools\MSVC\14.50.35717\include\xhash	1747	0x7ff6d85c1d7e
std::_Hash_vec<std::allocator<std::_List_unchecked_const_iterator<std::_List_val<std::_List_simple_types<int> >,std::_Iterator_base0> > >::_Assign_grow	0.00s	0.00s	0.00%	0.02%	busbar_example	E:\env\cpp\VS14\VC\Tools\MSVC\14.50.35717\include\xhash	299	0x7ff6d85c0af6
std::uninitialized_fill<std::_List_unchecked_const_iterator<std::_List_val<std::_List_simple_types<int> >,std::_Iterator_base0> *,std::_List_unchecked_const_iterator<std::_List_val<std::_List_simple_types<int> >,std::_Iterator_base0> >	0.00s	0.00s	0.02%	0.02%	busbar_example	E:\env\cpp\VS14\VC\Tools\MSVC\14.50.35717\include\xmemory	2076	0x7ff6d85bdf76
__std_fs_code_page	0.00s	0.00s	0.02%	0.02%	busbar_example	D:\a\_work\1\s\src\vctools\crt\github\stl\src\filesystem.cpp	233	0x7ff6d89af064
std::filesystem::_Convert_stringoid_to_wide<std::filesystem::_Normal_conversion>	0.00s	0.00s	0.00%	0.02%	busbar_example	E:\env\cpp\VS14\VC\Tools\MSVC\14.50.35717\include\filesystem	197	0x7ff6d857111a
std::filesystem::_Convert_Source_to_wide<char [8],std::filesystem::_Normal_conversion>	0.00s	0.00s	0.00%	0.02%	busbar_example	E:\env\cpp\VS14\VC\Tools\MSVC\14.50.35717\include\filesystem	282	0x7ff6d85710b4
[00007FFC6FD10990]	0.00s	0.00s	0.02%	0.02%	busbar_example		0	0x7ffc6fd10990
ILT+238125(?applyDiagonalOperatormpfemUEAAXAEBV?$MatrixN$0?0$00$0A$0?0$00EigenAEAV34Z)	0.00s	0.00s	0.02%	0.02%	busbar_example	[unknown]	0	0x7ff6d2a7b232
mkl_pds_lp64_psol_bwscat_pardiso_mic	0.00s	0.00s	0.02%	0.02%	busbar_example	[unknown]	0	0x7ff6d3499490
[00007FFC76122165]	0.00s	0.00s	0.02%	0.02%	busbar_example		0	0x7ffc76122165
[00007FFC761292E0]	0.00s	0.00s	0.00%	0.02%	busbar_example		0	0x7ffc761292e0
[00007FFC6FD1DB57]	0.00s	0.00s	0.00%	0.02%	busbar_example		0	0x7ffc6fd1db57
